accuracy: 0.8101118568232663
accuracy_std: 0.0069205302195920635
nb_samples: 22350
